HLA-A01:01	0.1193
HLA-A02:01	0.247
HLA-A02:05	0.0076
HLA-A02:06	0.0106
HLA-A02:07	0.0086
HLA-A03:01	0.1167
HLA-A11:01	0.0733
HLA-A23:01	0.0259
HLA-A24:02	0.1024
HLA-A25:01	0.0321
HLA-A26:01	0.0379
HLA-A29:02	0.0191
HLA-A30:01	0.0201
HLA-A30:02	0.009
HLA-A31:01	0.0263
HLA-A32:01	0.0266
HLA-A33:01	0.0077
HLA-A33:03	0.0179
HLA-A66:01	0.006
HLA-A68:01	0.0314
HLA-A68:02	0.0099
HLA-B07:02	0.0966
HLA-B08:01	0.0761
HLA-B13:02	0.0353
HLA-B14:02	0.0159
HLA-B15:01	0.0714
HLA-B15:02	0.0096
HLA-B15:03	0.0061
HLA-B15:18	0.006
HLA-B18:01	0.049
HLA-B27:02	0.01
HLA-B27:05	0.0322
HLA-B35:01	0.0522
HLA-B35:02	0.0083
HLA-B35:03	0.0223
HLA-B37:01	0.0107
HLA-B38:01	0.0221
HLA-B39:01	0.0135
HLA-B40:01	0.0474
HLA-B40:02	0.0309
HLA-B41:02	0.0082
HLA-B44:02	0.0533
HLA-B44:03	0.0407
HLA-B45:01	0.0071
HLA-B46:01	0.0101
HLA-B49:01	0.0126
HLA-B50:01	0.0092
HLA-B51:01	0.0453
HLA-B52:01	0.0156
HLA-B53:01	0.0111
HLA-B55:01	0.0101
HLA-B56:01	0.0098
HLA-B57:01	0.0264
HLA-B58:01	0.015
HLA-C01:02	0.0512
HLA-C02:02	0.0593
HLA-C03:02	0.0089
HLA-C03:03	0.0498
HLA-C03:04	0.068
HLA-C04:01	0.118
HLA-C05:01	0.0521
HLA-C06:02	0.1024
HLA-C07:01	0.1322
HLA-C07:02	0.131
HLA-C07:04	0.021
HLA-C08:01	0.0086
HLA-C08:02	0.021
HLA-C12:02	0.0155
HLA-C12:03	0.0761
HLA-C14:02	0.0134
HLA-C15:02	0.0204
HLA-C16:01	0.0191
HLA-C17:01	0.0135
DRB1_0701	0.095725
DRB1_1501	0.079008
DRB1_0301	0.072938
DRB1_1101	0.059725
DRB1_0101	0.048581
DRB1_0901	0.045288
DRB1_1302	0.043978
DRB1_1301	0.042651
DRB1_1502	0.038644
DRB1_0405	0.034716
DRB1_1202	0.030382
DRB1_0401	0.030040
DRB1_1104	0.026471
DRB1_1401	0.025283
DRB1_0803	0.023349
DRB1_1201	0.022978
DRB1_0403	0.020916
DRB1_0404	0.020473
DRB1_1001	0.017347
DRB1_0802	0.016259
DRB1_1602	0.015587
DRB1_0102	0.015284
DRB1_1503	0.014835
DRB1_1601	0.014789
DRB1_0407	0.014421
DRB1_1303	0.011286
DRB1_0801	0.010942
DRB1_1402	0.010527
DRB1_0804	0.009089
DRB1_0402	0.008593
DRB1_0302	0.008567
DRB1_0406	0.008291
DRB1_1102	0.007167
DRB1_1404	0.006084
DRB1_1405	0.006058